1045
15110
1581
15598
1209
1300
28349
1318
24287
1408
1478
1663
1722
1995
2086
14822
2255
2285
2337
2403
2444
2490
15084
8549
2547
2558
2574
2663
3980
2783
2817
2845
3036
12756
22260
3231
3362
3532
3813
3835
3851
3964
4040
4060
4087
29392
4194
4199
4598
4739
4839
5047
5073
5134
5169
5439
5597
5639
5959
6066
6104
6266
6435
6475
6547
6682
6730
6781
13561
7085
7154
2019
7267
8530
12124
7585
7647
7923
7980
8007
8068
8247
8431
8446
8479
8551
8675
8694
8762
13341
8810
9142
9155
9359
9611
24522
9445
9867
9882
1440
10984
10156
1487
7985
10499
10614
10639
10671
7017
10860
11038
10983
11056
11259
1976
11446
11456
11465
11506
11550
11584
10867
30128
6742
13714
7711
29028
6774
10793
7127
4611
25124
3413
9899
10247
6830
8972
4640
25157
29161
3170
16243
4723
62689
9004
7982
9778
5764
11818
61408
6403
8823
4321
3138
9815
4058
12895
2002
8692
6829
11366
4941
7257
8577
2751
3063
14418
25283
8543
6653
11017
7238
9783
10540
11636
1678
8358
11600
10190
1240
8544
10187
10894
62599
22821
6502
9890
8599
12950
31549
2111
4093
31137
28844
104598
10726
9411
4242
16478
31707
29039
1078
9112
13124
1773
30538
2968
3502
7409
7912
5643
8215
7116
24731
11856
16582
14828
6268
8245
3246
15521
29733
10332
28520
5301
3121
13988
28191
5229
10519
8199
14802
3024
1004
13498
1567
7904
12726
9351
25279
7977
7922
5568
102704
1081
2787
1920
30146
30990
11513
3497
6338
10581
2771
14824
6115
4510
10507
10787
5786
3105
27780
5518
9774
1794
18636
6375
11554
63605
9299
5878
15617
9850
5071
31166
10426
11923
9904
11012
2290
3243
11228
114628
8902
17110
7866
15509
3221
10035
126136
13440
7993
4699
1447
16245
13041
66599
5870
4674
13510
28169
7139
31846
8009
2504
15706
5216
11842
9302
7067
3082
110039
30495
19625
142953
137232
1919
64621
2620
2369
28216
61839
3278
11340
13380
3144
7435
4988
7672
28034
23592
2856
29850
11304
13125
7065
145046
10121
124042
61739
149738
5606
15202
17150
30218
133768
12909
17233
5526
4885
16991
143356
4737
7875
118264
7970
17095
2435
3071
15704
11687
7906
6207
8210
145701
15633
16428
157057
29178
7974
4029
3863
2884
5589
8272
6799
211819
5074
23877
65048
3897
14172
66673
61679
142462
8151
158354
11896
3555
144496
12383
65576
25495
15668
17130
17115
10016
17120
15576
3310
8807
25340
29282
12141
15362
15634
15582
15613
15581
