21020
75444
10401
85172
28222
10145
79323
41443
76757
10225
15667
59184
10516
24221
27887
17743
20220
19561
66130
19393
10874
50227
75333
13928
64186
47626
62148
25320
26403
23114
18542
53831
47677
70500
76171
25081
56274
22293
49154
19350
26112
49429
38682
20626
11703
80080
11754
11762
60628
36469
25785
12060
12079
23915
16424
23819
16600
52716
12431
12490
21573
22111
17750
48960
12781
20415
50876
26710
75175
34032
43449
49656
52919
21936
69032
22779
59408
64311
58640
38703
34833
22509
60687
18403
13856
13936
56143
23501
18163
64390
23712
66967
46922
76149
51625
77077
23085
76091
58683
24109
39087
14656
66800
24766
15579
62308
61065
67774
15069
24985
14891
17830
26606
55976
75034
21186
39917
25419
38156
23536
15456
48725
80599
49015
76226
56232
87055
21178
77730
13100
77462
77768
11404
66093
52038
43721
24942
34746
77546
79927
18729
81593
66157
59459
91380
58246
60206
32942
68304
82292
25769
54148
22103
11995
71176
25953
75222
16505
49744
61399
63060
12036
22752
49971
21371
65533
11891
77606
13901
65330
16555
59379
64995
38578
27983
39490
41355
83601
44951
50032
81043
68144
59300
83332
76242
16678
61188
63125
70308
81262
39642
27959
81121
79644
81044
65787
22840
77481
75825
81530
79767
20482
66799
68312
29209
80717
47896
27430
54181
61815
23309
77157
39538
77129
71563
75844
59396
42534
60442
30680
75489
80204
15560
79362
26657
46578
75186
79145
12140
23579
60098
75301
59192
54594
75154
81285
48274
71175
59440
77605
23931
57817
23077
85777
10560
20618
40416
46392
81055
83030
21979
24053
14795
27334
23473
45437
19166
24563
45356
42906
24046
78927
52978
70923
24272
76592
26825
58819
83981
27633
56573
85081
18411
17144
81126
66114
70332
63765
59619
42024
70519
15202
86868
65307
75857
47466
87033
61735
72726
87378
85991
58334
35554
59176
12073
20053
85931
21928
35044
75341
81598
13119
81655
86303
10890
83835
53479
15318
62383
51706
23916
86047
80747
76636
89006
88313
27684
84644
20694
85259
79210
81521
25487
68187
11382
11308
22592
47941
80345
79057
76557
22437
80089
24969
67598
45751
89179
66325
87212
82775
89463
27828
58094
10932
84386
87842
10933
73809
41187
37584
10906
89258
36397
60986
86593
44206
12068
29946
86685
89444
84129
57665
46149
51457
89195
82654
89627
90038
80409
38762
64936
61743
60599
18016
86136
24360
87280
83596
76619
85238
11674
88197
85876
83974
89008
25232
90162
35917
64565
88239
69606
85592
90352
86349
10562
68292
43350
11786
89199
25778
55511
77661
79859
10107
75466
92355
89428
89256
85636
